19:32:58.409777 ioctl(8, BINDER_WRITE_READ, 0xff8eddf8) = 0 <0.000424>
19:32:58.410710 ioctl(8, BINDER_WRITE_READ, 0xff8eddf8) = 0 <0.000258>
19:32:58.411143 ioctl(8, BINDER_WRITE_READ, 0xff8eddf8) = 0 <0.000481>
19:32:58.411999 ioctl(8, BINDER_WRITE_READ, 0xff8eddf8) = 0 <0.001349>
19:32:58.414994 ioctl(8, BINDER_WRITE_READ, 0xff8ee0e8) = 0 <0.003009>
19:32:58.418236 ioctl(8, BINDER_WRITE_READ, 0xff8ee0e8) = 0 <0.001404>
19:32:58.419895 ioctl(8, BINDER_WRITE_READ, 0xff8ee118) = 0 <0.002012>
19:32:58.422023 ioctl(8, BINDER_WRITE_READ, 0xff8ee118) = 0 <0.000180>
19:32:58.422472 ioctl(8, BINDER_WRITE_READ, 0xff8ee118) = 0 <0.000180>
19:32:58.423108 ioctl(8, BINDER_WRITE_READ, 0xff8ee118) = 0 <0.000471>
19:32:58.425204 statfs64("/storage/emulated/0", 84, {f_type=0x65735546, f_bsize=4096, f_blocks=3265613, f_bfree=3001822, f_bavail=2997726, f_files=838832, f_ffree=831145, f_fsid={0, 0}, f_namelen=255, f_frsize=4096, f_flags=1070}) = 0 <0.000267>
19:32:58.425956 getuid32()              = 12751 <0.000201>
19:32:58.426339 ioctl(8, BINDER_WRITE_READ, 0xff8ee6e8) = 0 <0.000116>
19:32:58.426560 ioctl(8, BINDER_WRITE_READ, 0xff8ee6e8) = 0 <0.000270>
19:32:58.427061 ioctl(8, BINDER_WRITE_READ, 0xff8eddd8) = 0 <0.000142>
19:32:58.427395 ioctl(8, BINDER_WRITE_READ, 0xff8eddd8) = 0 <0.000240>
19:32:58.427820 ioctl(8, BINDER_WRITE_READ, 0xff8ede08) = 0 <0.000131>
19:32:58.429877 ioctl(8, BINDER_WRITE_READ, 0xff8ede08) = 0 <0.000150>
19:32:58.430264 ioctl(8, BINDER_WRITE_READ, 0xff8ede08) = 0 <0.002062>
19:32:58.432559 ioctl(8, BINDER_WRITE_READ, 0xff8ede08) = 0 <0.000209>
19:32:58.433000 getuid32()              = 12751 <0.000141>
19:32:58.433332 ioctl(8, BINDER_WRITE_READ, 0xff8eddc8) = 0 <0.000199>
19:32:58.433980 ioctl(8, BINDER_WRITE_READ, 0xff8eddc8) = 0 <0.000169>
19:32:58.434491 ioctl(8, BINDER_WRITE_READ, 0xff8eddf8) = 0 <0.000416>
19:32:58.435138 ioctl(8, BINDER_WRITE_READ, 0xff8eddf8) = 0 <0.000209>
19:32:58.438221 ioctl(8, BINDER_WRITE_READ, 0xff8eddf8) = 0 <0.000921>
19:32:58.439308 ioctl(8, BINDER_WRITE_READ, 0xff8ee0e8) = 0 <0.000099>
19:32:58.439521 ioctl(8, BINDER_WRITE_READ, 0xff8ee118) = 0 <0.000063>
19:32:58.439641 ioctl(8, BINDER_WRITE_READ, 0xff8ee118) = 0 <0.000032>
19:32:58.441950 ioctl(8, BINDER_WRITE_READ, 0xff8ee118) = 0 <0.000236>
19:32:58.445242 ioctl(8, BINDER_WRITE_READ, 0xff8ee118) = 0 <0.000141>
19:32:58.445644 statfs64("/storage/emulated/0", 84, {f_type=0x65735546, f_bsize=4096, f_blocks=3265613, f_bfree=3001822, f_bavail=2997726, f_files=838832, f_ffree=831145, f_fsid={0, 0}, f_namelen=255, f_frsize=4096, f_flags=1070}) = 0 <0.002135>
19:32:58.448482 getuid32()              = 12751 <0.000131>
19:32:58.448843 ioctl(8, BINDER_WRITE_READ, 0xff8ee6e8) = 0 <0.000149>
19:32:58.449055 ioctl(8, BINDER_WRITE_READ, 0xff8ee6e8) = 0 <0.000397>
19:32:58.449761 ioctl(8, BINDER_WRITE_READ, 0xff8edde8) = 0 <0.000190>
19:32:58.450043 ioctl(8, BINDER_WRITE_READ, 0xff8ede18) = 0 <0.000042>
19:32:58.450134 ioctl(8, BINDER_WRITE_READ, 0xff8ede18) = 0 <0.001211>
19:32:58.451813 ioctl(8, BINDER_WRITE_READ, 0xff8ede18) = 0 <0.002673>
19:32:58.454730 ioctl(8, BINDER_WRITE_READ, 0xff8ede18) = 0 <0.000276>
19:32:58.455195 getuid32()              = 12751 <0.000109>
19:32:58.455479 ioctl(8, BINDER_WRITE_READ, 0xff8eddd8) = 0 <0.000138>
19:32:58.455747 ioctl(8, BINDER_WRITE_READ, 0xff8eddd8) = 0 <0.000117>
19:32:58.457424 ioctl(8, BINDER_WRITE_READ, 0xff8ede08) = 0 <0.000199>
19:32:58.457873 ioctl(8, BINDER_WRITE_READ, 0xff8ede08) = 0 <0.000236>
19:32:58.458305 ioctl(8, BINDER_WRITE_READ, 0xff8ede08) = 0 <0.000943>
19:32:58.459369 ioctl(8, BINDER_WRITE_READ, 0xff8ede08) = 0 <0.000502>
19:32:58.459992 ioctl(8, BINDER_WRITE_READ, 0xff8ee0f8) = 0 <0.001857>
19:32:58.461984 ioctl(8, BINDER_WRITE_READ, 0xff8ee0f8) = 0 <0.000186>
19:32:58.465395 ioctl(8, BINDER_WRITE_READ, 0xff8ee128) = 0 <0.003871>
19:32:58.474158 ioctl(8, BINDER_WRITE_READ, 0xff8ee128) = 0 <0.000097>
19:32:58.474464 ioctl(8, BINDER_WRITE_READ, 0xff8ee128) = 0 <0.000178>
19:32:58.474806 ioctl(8, BINDER_WRITE_READ, 0xff8ee128) = 0 <0.000293>
19:32:58.475434 statfs64("/storage/emulated/0", 84, {f_type=0x65735546, f_bsize=4096, f_blocks=3265613, f_bfree=3001822, f_bavail=2997726, f_files=838832, f_ffree=831145, f_fsid={0, 0}, f_namelen=255, f_frsize=4096, f_flags=1070}) = 0 <0.001673>
19:32:58.477655 getuid32()              = 12751 <0.000173>
19:32:58.478174 ioctl(8, BINDER_WRITE_READ, 0xff8ee6f8) = 0 <0.000193>
19:32:58.478652 ioctl(8, BINDER_WRITE_READ, 0xff8ee6f8) = 0 <0.000131>
19:32:58.479021 ioctl(8, BINDER_WRITE_READ, 0xff8edde8) = 0 <0.001163>
19:32:58.480247 ioctl(8, BINDER_WRITE_READ, 0xff8edde8) = 0 <0.000545>
19:32:58.481753 ioctl(8, BINDER_WRITE_READ, 0xff8ede18) = 0 <0.000473>
19:32:58.482494 ioctl(8, BINDER_WRITE_READ, 0xff8ede18) = 0 <0.000249>
19:32:58.482947 ioctl(8, BINDER_WRITE_READ, 0xff8ede18) = 0 <0.000412>
19:32:58.483615 ioctl(8, BINDER_WRITE_READ, 0xff8ede18) = 0 <0.000247>
19:32:58.485672 getuid32()              = 12751 <0.002514>
19:32:58.488898 ioctl(8, BINDER_WRITE_READ, 0xff8eddd8) = 0 <0.000229>
19:32:58.489299 ioctl(8, BINDER_WRITE_READ, 0xff8eddd8) = 0 <0.000133>
19:32:58.489639 ioctl(8, BINDER_WRITE_READ, 0xff8ede08) = 0 <0.004273>
19:32:58.495242 ioctl(8, BINDER_WRITE_READ, 0xff8ede08) = 0 <0.003938>
19:32:58.502451 ioctl(8, BINDER_WRITE_READ, 0xff8ede08) = 0 <0.005119>
19:32:58.510028 ioctl(8, BINDER_WRITE_READ, 0xff8ede08) = 0 <0.000958>
19:32:58.511762 ioctl(8, BINDER_WRITE_READ, 0xff8ee0f8) = 0 <0.000505>
19:32:58.512371 ioctl(8, BINDER_WRITE_READ, 0xff8ee0f8) = 0 <0.000032>
19:32:58.512535 ioctl(8, BINDER_WRITE_READ, 0xff8ee128) = 0 <0.000187>
19:32:58.513401 ioctl(8, BINDER_WRITE_READ, 0xff8ee128) = 0 <0.000254>
19:32:58.513783 ioctl(8, BINDER_WRITE_READ, 0xff8ee128) = 0 <0.000204>
19:32:58.514259 statfs64("/storage/emulated/0", 84, {f_type=0x65735546, f_bsize=4096, f_blocks=3265613, f_bfree=3001821, f_bavail=2997725, f_files=838832, f_ffree=831145, f_fsid={0, 0}, f_namelen=255, f_frsize=4096, f_flags=1070}) = 0 <0.000240>
19:32:58.514949 getuid32()              = 12751 <0.000142>
19:32:58.515272 ioctl(8, BINDER_WRITE_READ, 0xff8ee6f8) = 0 <0.000168>
19:32:58.515618 ioctl(8, BINDER_WRITE_READ, 0xff8ee6f8) = 0 <0.000486>
19:32:58.516298 ioctl(8, BINDER_WRITE_READ, 0xff8ee108) = 0 <0.000188>
19:32:58.516606 ioctl(8, BINDER_WRITE_READ, 0xff8ee108) = 0 <0.000149>
19:32:58.516946 ioctl(8, BINDER_WRITE_READ, 0xff8ee138) = 0 <0.000224>
19:32:58.517317 ioctl(8, BINDER_WRITE_READ, 0xff8ee138) = 0 <0.000154>
19:32:58.517614 ioctl(8, BINDER_WRITE_READ, 0xff8ee138) = 0 <0.000303>
19:32:58.518082 ioctl(8, BINDER_WRITE_READ, 0xff8ee138) = 0 <0.000260>
19:32:58.518488 getuid32()              = 12751 <0.000098>
19:32:58.518700 ioctl(8, BINDER_WRITE_READ, 0xff8ee0f8) = 0 <0.000106>
19:32:58.518908 ioctl(8, BINDER_WRITE_READ, 0xff8ee0f8) = 0 <0.000078>
19:32:58.519110 ioctl(8, BINDER_WRITE_READ, 0xff8ee128) = 0 <0.000094>
19:32:58.519297 ioctl(8, BINDER_WRITE_READ, 0xff8ee128) = 0 <0.000078>
19:32:58.519484 ioctl(8, BINDER_WRITE_READ, 0xff8ee128) = 0 <0.000110>
19:32:58.519695 ioctl(8, BINDER_WRITE_READ, 0xff8ee128) = 0 <0.000203>
19:32:58.520072 ioctl(8, BINDER_WRITE_READ, 0xff8ee418) = 0 <0.000096>
19:32:58.520268 ioctl(8, BINDER_WRITE_READ, 0xff8ee418) = 0 <0.000083>
19:32:58.520470 ioctl(8, BINDER_WRITE_READ, 0xff8ee448) = 0 <0.000099>
19:32:58.520668 ioctl(8, BINDER_WRITE_READ, 0xff8ee448) = 0 <0.000083>
19:32:58.520877 ioctl(8, BINDER_WRITE_READ, 0xff8ee448) = 0 <0.000101>
19:32:58.521163 ioctl(8, BINDER_WRITE_READ, 0xff8ee448) = 0 <0.000196>
19:32:58.521490 statfs64("/storage/emulated/0", 84, {f_type=0x65735546, f_bsize=4096, f_blocks=3265613, f_bfree=3001821, f_bavail=2997725, f_files=838832, f_ffree=831145, f_fsid={0, 0}, f_namelen=255, f_frsize=4096, f_flags=1070}) = 0 <0.000196>
19:32:58.521980 getuid32()              = 12751 <0.000083>
19:32:58.522189 ioctl(8, BINDER_WRITE_READ, 0xff8eea18) = 0 <0.000104>
19:32:58.522393 ioctl(8, BINDER_WRITE_READ, 0xff8eea18) = 0 <0.000383>
19:32:58.522921 ioctl(8, BINDER_WRITE_READ, 0xff8edde8) = 0 <0.000126>
19:32:58.523336 ioctl(8, BINDER_WRITE_READ, 0xff8edde8) = 0 <0.000094>
19:32:58.523561 ioctl(8, BINDER_WRITE_READ, 0xff8ede18) = 0 <0.000117>
19:32:58.523792 ioctl(8, BINDER_WRITE_READ, 0xff8ede18) = 0 <0.000092>
19:32:58.524107 ioctl(8, BINDER_WRITE_READ, 0xff8ede18) = 0 <0.000128>
19:32:58.524369 ioctl(8, BINDER_WRITE_READ, 0xff8ede18) = 0 <0.000087>
19:32:58.524582 getuid32()              = 12751 <0.000098>
19:32:58.524793 ioctl(8, BINDER_WRITE_READ, 0xff8eddd8) = 0 <0.000102>
19:32:58.525145 ioctl(8, BINDER_WRITE_READ, 0xff8eddd8) = 0 <0.000105>
19:32:58.525378 ioctl(8, BINDER_WRITE_READ, 0xff8ede08) = 0 <0.000137>
19:32:58.525620 ioctl(8, BINDER_WRITE_READ, 0xff8ede08) = 0 <0.000095>
19:32:58.525835 ioctl(8, BINDER_WRITE_READ, 0xff8ede08) = 0 <0.000107>
19:32:58.526075 ioctl(8, BINDER_WRITE_READ, 0xff8ede08) = 0 <0.000091>
19:32:58.526319 ioctl(8, BINDER_WRITE_READ, 0xff8ee0f8) = 0 <0.000106>
19:32:58.526534 ioctl(8, BINDER_WRITE_READ, 0xff8ee0f8) = 0 <0.000091>
19:32:58.526751 ioctl(8, BINDER_WRITE_READ, 0xff8ee128) = 0 <0.000107>
19:32:58.526967 ioctl(8, BINDER_WRITE_READ, 0xff8ee128) = 0 <0.000091>
19:32:58.527179 ioctl(8, BINDER_WRITE_READ, 0xff8ee128) = 0 <0.000108>
19:32:58.527428 ioctl(8, BINDER_WRITE_READ, 0xff8ee128) = 0 <0.000091>
19:32:58.527657 statfs64("/storage/emulated/0", 84, {f_type=0x65735546, f_bsize=4096, f_blocks=3265613, f_bfree=3001821, f_bavail=2997725, f_files=838832, f_ffree=831145, f_fsid={0, 0}, f_namelen=255, f_frsize=4096, f_flags=1070}) = 0 <0.000207>
19:32:58.528261 getuid32()              = 12751 <0.000085>
19:32:58.528454 getuid32()              = 12751 <0.000084>
19:32:58.528638 fstat64(34, {st_mode=0132000, st_size=1, ...}) = 0 <0.000088>
19:32:58.528832 ioctl(34, ASHMEM_GET_SIZE, 0) = 84 <0.000086>
19:32:58.529106 fstat64(34, {st_mode=0, st_size=1, ...}) = 0 <0.000062>
19:32:58.529309 ioctl(34, ASHMEM_PIN, 0xff8ee850) = 0 <0.000112>
19:32:58.529632 ioctl(8, BINDER_WRITE_READ, 0xff8ee6c8) = 0 <0.000146>
19:32:58.530012 ioctl(8, BINDER_WRITE_READ, 0xff8ee6c8) = 0 <0.000120>
19:32:58.530460 ioctl(8, BINDER_WRITE_READ, 0xff8ee108) = 0 <0.000133>
19:32:58.530723 ioctl(8, BINDER_WRITE_READ, 0xff8ee108) = 0 <0.000115>
19:32:58.531006 ioctl(8, BINDER_WRITE_READ, 0xff8ee138) = 0 <0.000158>
19:32:58.531356 ioctl(8, BINDER_WRITE_READ, 0xff8ee138) = 0 <0.000115>
19:32:58.531598 ioctl(8, BINDER_WRITE_READ, 0xff8ee138) = 0 <0.000117>
19:32:58.531846 ioctl(8, BINDER_WRITE_READ, 0xff8ee138) = 0 <0.000204>
19:32:58.532189 getuid32()              = 12751 <0.000088>
19:32:58.532397 ioctl(8, BINDER_WRITE_READ, 0xff8ee0f8) = 0 <0.000119>
19:32:58.532629 ioctl(8, BINDER_WRITE_READ, 0xff8ee0f8) = 0 <0.000090>
19:32:58.532855 ioctl(8, BINDER_WRITE_READ, 0xff8ee128) = 0 <0.000132>
19:32:58.533118 ioctl(8, BINDER_WRITE_READ, 0xff8ee128) = 0 <0.000103>
19:32:58.533359 ioctl(8, BINDER_WRITE_READ, 0xff8ee128) = 0 <0.000120>
19:32:58.533618 ioctl(8, BINDER_WRITE_READ, 0xff8ee128) = 0 <0.000161>
19:32:58.533943 ioctl(8, BINDER_WRITE_READ, 0xff8ee418) = 0 <0.000121>
19:32:58.534179 ioctl(8, BINDER_WRITE_READ, 0xff8ee418) = 0 <0.000095>
19:32:58.534408 ioctl(8, BINDER_WRITE_READ, 0xff8ee448) = 0 <0.000125>
19:32:58.534661 ioctl(8, BINDER_WRITE_READ, 0xff8ee448) = 0 <0.000113>
19:32:58.534921 ioctl(8, BINDER_WRITE_READ, 0xff8ee448) = 0 <0.000123>
19:32:58.535184 ioctl(8, BINDER_WRITE_READ, 0xff8ee448) = 0 <0.000112>
19:32:58.535455 statfs64("/storage/emulated/0", 84, {f_type=0x65735546, f_bsize=4096, f_blocks=3265613, f_bfree=3001821, f_bavail=2997725, f_files=838832, f_ffree=831145, f_fsid={0, 0}, f_namelen=255, f_frsize=4096, f_flags=1070}) = 0 <0.000199>
19:32:58.535931 ioctl(8, BINDER_WRITE_READ, 0xff8edde8) = 0 <0.000213>
19:32:58.536266 ioctl(8, BINDER_WRITE_READ, 0xff8edde8) = 0 <0.000097>
19:32:58.536495 ioctl(8, BINDER_WRITE_READ, 0xff8ede18) = 0 <0.000124>
19:32:58.536720 ioctl(8, BINDER_WRITE_READ, 0xff8ede18) = 0 <0.000097>
19:32:58.536942 ioctl(8, BINDER_WRITE_READ, 0xff8ede18) = 0 <0.000125>
19:32:58.537172 ioctl(8, BINDER_WRITE_READ, 0xff8ede18) = 0 <0.000217>
19:32:58.537524 getuid32()              = 12751 <0.000096>
19:32:58.537741 ioctl(8, BINDER_WRITE_READ, 0xff8eddd8) = 0 <0.000126>
19:32:58.537987 ioctl(8, BINDER_WRITE_READ, 0xff8eddd8) = 0 <0.000096>
19:32:58.538215 ioctl(8, BINDER_WRITE_READ, 0xff8ede08) = 0 <0.000135>
19:32:58.538473 ioctl(8, BINDER_WRITE_READ, 0xff8ede08) = 0 <0.000096>
19:32:58.538693 ioctl(8, BINDER_WRITE_READ, 0xff8ede08) = 0 <0.000129>
19:32:58.538926 ioctl(8, BINDER_WRITE_READ, 0xff8ede08) = 0 <0.000213>
19:32:58.539299 ioctl(8, BINDER_WRITE_READ, 0xff8ee0f8) = 0 <0.000127>
19:32:58.539542 ioctl(8, BINDER_WRITE_READ, 0xff8ee0f8) = 0 <0.000096>
19:32:58.539778 ioctl(8, BINDER_WRITE_READ, 0xff8ee128) = 0 <0.000127>
19:32:58.540054 ioctl(8, BINDER_WRITE_READ, 0xff8ee128) = 0 <0.000097>
19:32:58.540287 ioctl(8, BINDER_WRITE_READ, 0xff8ee128) = 0 <0.000183>
19:32:58.540582 ioctl(8, BINDER_WRITE_READ, 0xff8ee128) = 0 <0.000101>
19:32:58.540834 statfs64("/storage/emulated/0", 84, {f_type=0x65735546, f_bsize=4096, f_blocks=3265613, f_bfree=3001821, f_bavail=2997725, f_files=838832, f_ffree=831145, f_fsid={0, 0}, f_namelen=255, f_frsize=4096, f_flags=1070}) = 0 <0.000195>
19:32:58.541260 ioctl(8, BINDER_WRITE_READ, 0xff8ee9e8) = 0 <0.000125>
19:32:58.541630 ioctl(8, BINDER_WRITE_READ, 0xff8ee9e8) = 0 <0.000096>
19:32:58.541898 ioctl(8, BINDER_WRITE_READ, 0xff8eeb28) = 0 <0.000124>
19:32:58.542126 ioctl(8, BINDER_WRITE_READ, 0xff8eeb28) = 0 <0.000097>
19:32:58.542384 ioctl(8, BINDER_WRITE_READ, 0xff8ee788) = 0 <0.000125>
19:32:58.542627 ioctl(8, BINDER_WRITE_READ, 0xff8ee788) = 0 <0.000095>
19:32:58.542858 ioctl(8, BINDER_WRITE_READ, 0xff8ee7b8) = 0 <0.000135>
19:32:58.543180 ioctl(8, BINDER_WRITE_READ, 0xff8ee7b8) = 0 <0.000111>
19:32:58.543438 ioctl(8, BINDER_WRITE_READ, 0xff8ee758) = 0 <0.000124>
19:32:58.543680 ioctl(8, BINDER_WRITE_READ, 0xff8ee758) = 0 <0.000096>
19:32:58.543906 ioctl(8, BINDER_WRITE_READ, 0xff8ee788) = 0 <0.000189>
19:32:58.544203 ioctl(8, BINDER_WRITE_READ, 0xff8ee788) = 0 <0.000090>
19:32:58.544465 ioctl(8, BINDER_WRITE_READ, 0xff8edab8) = 0 <0.000118>
19:32:58.544693 ioctl(8, BINDER_WRITE_READ, 0xff8edab8) = 0 <0.000106>
19:32:58.544933 ioctl(8, BINDER_WRITE_READ, 0xff8edae8) = 0 <0.000118>
19:32:58.545147 ioctl(8, BINDER_WRITE_READ, 0xff8edae8) = 0 <0.000091>
19:32:58.545357 ioctl(8, BINDER_WRITE_READ, 0xff8edae8) = 0 <0.000116>
19:32:58.545598 ioctl(8, BINDER_WRITE_READ, 0xff8edae8) = 0 <0.000248>
19:32:58.545986 getuid32()              = 12751 <0.000095>
19:32:58.546201 ioctl(8, BINDER_WRITE_READ, 0xff8edaa8) = 0 <0.000114>
19:32:58.546435 ioctl(8, BINDER_WRITE_READ, 0xff8edaa8) = 0 <0.000091>
19:32:58.546651 ioctl(8, BINDER_WRITE_READ, 0xff8edad8) = 0 <0.000132>
19:32:58.546907 ioctl(8, BINDER_WRITE_READ, 0xff8edad8) = 0 <0.000104>
19:32:58.547148 ioctl(8, BINDER_WRITE_READ, 0xff8edad8) = 0 <0.000135>
19:32:58.547427 ioctl(8, BINDER_WRITE_READ, 0xff8edad8) = 0 <0.000189>
19:32:58.547761 ioctl(8, BINDER_WRITE_READ, 0xff8eddc8) = 0 <0.000126>
19:32:58.547996 ioctl(8, BINDER_WRITE_READ, 0xff8eddc8) = 0 <0.000111>
19:32:58.548298 ioctl(8, BINDER_WRITE_READ, 0xff8eddf8) = 0 <0.000129>
19:32:58.548558 ioctl(8, BINDER_WRITE_READ, 0xff8eddf8) = 0 <0.000093>
19:32:58.548772 ioctl(8, BINDER_WRITE_READ, 0xff8eddf8) = 0 <0.000116>
19:32:58.549019 ioctl(8, BINDER_WRITE_READ, 0xff8eddf8) = 0 <0.000200>
19:32:58.549364 statfs64("/storage/emulated/0", 84, {f_type=0x65735546, f_bsize=4096, f_blocks=3265613, f_bfree=3001821, f_bavail=2997725, f_files=838832, f_ffree=831145, f_fsid={0, 0}, f_namelen=255, f_frsize=4096, f_flags=1070}) = 0 <0.000188>
19:32:58.549780 ioctl(8, BINDER_WRITE_READ, 0xff8ee7f8) = 0 <0.000116>
19:32:58.550022 ioctl(8, BINDER_WRITE_READ, 0xff8ee7f8) = 0 <0.000148>
19:32:58.550398 ioctl(8, BINDER_WRITE_READ, 0xff8eddc8) = 0 <0.000392>
19:32:58.551492 ioctl(8, BINDER_WRITE_READ, 0xff8eddc8) = 0 <0.000096>
19:32:58.551827 ioctl(8, BINDER_WRITE_READ, 0xff8eddf8) = 0 <0.000519>
19:32:58.552732 ioctl(8, BINDER_WRITE_READ, 0xff8eddf8) = 0 <0.000166>
19:32:58.553138 ioctl(8, BINDER_WRITE_READ, 0xff8eddf8) = 0 <0.000142>
19:32:58.553440 ioctl(8, BINDER_WRITE_READ, 0xff8eddf8) = 0 <0.000532>
19:32:58.554187 getuid32()              = 12751 <0.000144>
19:32:58.554511 ioctl(8, BINDER_WRITE_READ, 0xff8eddb8) = 0 <0.000174>
19:32:58.554803 ioctl(8, BINDER_WRITE_READ, 0xff8eddb8) = 0 <0.000031>
19:32:58.554990 ioctl(8, BINDER_WRITE_READ, 0xff8edde8) = 0 <0.000219>
19:32:58.555286 ioctl(8, BINDER_WRITE_READ, 0xff8edde8) = 0 <0.000134>
19:32:58.555459 ioctl(8, BINDER_WRITE_READ, 0xff8edde8) = 0 <0.000104>
19:32:58.555671 ioctl(8, BINDER_WRITE_READ, 0xff8ee0d8) = 0 <0.000163>
19:32:58.556101 ioctl(8, BINDER_WRITE_READ, 0xff8ee0d8) = 0 <0.000089>
19:32:58.556315 ioctl(8, BINDER_WRITE_READ, 0xff8ee108) = 0 <0.000105>
19:32:58.556522 ioctl(8, BINDER_WRITE_READ, 0xff8ee108) = 0 <0.000087>
19:32:58.556724 ioctl(8, BINDER_WRITE_READ, 0xff8ee108) = 0 <0.000102>
19:32:58.556942 ioctl(8, BINDER_WRITE_READ, 0xff8ee108) = 0 <0.000196>
19:32:58.557281 statfs64("/storage/emulated/0", 84, {f_type=0x65735546, f_bsize=4096, f_blocks=3265613, f_bfree=3001821, f_bavail=2997725, f_files=838832, f_ffree=831145, f_fsid={0, 0}, f_namelen=255, f_frsize=4096, f_flags=1070}) = 0 <0.000177>
19:32:58.557728 ioctl(8, BINDER_WRITE_READ, 0xff8edaa8) = 0 <0.000117>
19:32:58.557953 ioctl(8, BINDER_WRITE_READ, 0xff8edaa8) = 0 <0.000089>
19:32:58.558168 ioctl(8, BINDER_WRITE_READ, 0xff8edad8) = 0 <0.000106>
19:32:58.558378 ioctl(8, BINDER_WRITE_READ, 0xff8edad8) = 0 <0.000088>
19:32:58.558584 ioctl(8, BINDER_WRITE_READ, 0xff8edad8) = 0 <0.000104>
19:32:58.558814 ioctl(8, BINDER_WRITE_READ, 0xff8edad8) = 0 <0.000104>
19:32:58.559055 getuid32()              = 12751 <0.000085>
19:32:58.559254 ioctl(8, BINDER_WRITE_READ, 0xff8eda98) = 0 <0.000106>
19:32:58.559463 ioctl(8, BINDER_WRITE_READ, 0xff8eda98) = 0 <0.000088>
19:32:58.559674 ioctl(8, BINDER_WRITE_READ, 0xff8edac8) = 0 <0.000105>
19:32:58.559896 ioctl(8, BINDER_WRITE_READ, 0xff8edac8) = 0 <0.000089>
19:32:58.560174 ioctl(8, BINDER_WRITE_READ, 0xff8edac8) = 0 <0.000110>
19:32:58.560399 ioctl(8, BINDER_WRITE_READ, 0xff8edac8) = 0 <0.000187>
19:32:58.560728 ioctl(8, BINDER_WRITE_READ, 0xff8eddb8) = 0 <0.000106>
19:32:58.560942 ioctl(8, BINDER_WRITE_READ, 0xff8eddb8) = 0 <0.000089>
19:32:58.561155 ioctl(8, BINDER_WRITE_READ, 0xff8edde8) = 0 <0.000104>
19:32:58.561401 ioctl(8, BINDER_WRITE_READ, 0xff8edde8) = 0 <0.000088>
19:32:58.561613 ioctl(8, BINDER_WRITE_READ, 0xff8edde8) = 0 <0.000104>
19:32:58.561839 ioctl(8, BINDER_WRITE_READ, 0xff8edde8) = 0 <0.000117>
19:32:58.562083 statfs64("/storage/emulated/0", 84, {f_type=0x65735546, f_bsize=4096, f_blocks=3265613, f_bfree=3001821, f_bavail=2997725, f_files=838832, f_ffree=831145, f_fsid={0, 0}, f_namelen=255, f_frsize=4096, f_flags=1070}) = 0 <0.000107>
19:32:58.562419 ioctl(8, BINDER_WRITE_READ, 0xff8ed788) = 0 <0.000439>
19:32:58.563297 ioctl(8, BINDER_WRITE_READ, 0xff8ed788) = 0 <0.000090>
19:32:58.563560 ioctl(8, BINDER_WRITE_READ, 0xff8ed7b8) = 0 <0.000224>
19:32:58.564053 ioctl(8, BINDER_WRITE_READ, 0xff8ed7b8) = 0 <0.000122>
19:32:58.564327 ioctl(8, BINDER_WRITE_READ, 0xff8ed7b8) = 0 <0.000183>
19:32:58.564648 getuid32()              = 12751 <0.000236>
19:32:58.564997 ioctl(8, BINDER_WRITE_READ, 0xff8ed778) = 0 <0.000098>
19:32:58.565192 ioctl(8, BINDER_WRITE_READ, 0xff8ed778) = 0 <0.000083>
19:32:58.565408 ioctl(8, BINDER_WRITE_READ, 0xff8ed7a8) = 0 <0.000142>
19:32:58.565674 ioctl(8, BINDER_WRITE_READ, 0xff8ed7a8) = 0 <0.000237>
19:32:58.566049 ioctl(8, BINDER_WRITE_READ, 0xff8eda98) = 0 <0.000099>
19:32:58.566248 ioctl(8, BINDER_WRITE_READ, 0xff8eda98) = 0 <0.000092>
19:32:58.566458 ioctl(8, BINDER_WRITE_READ, 0xff8edac8) = 0 <0.000137>
19:32:58.566707 ioctl(8, BINDER_WRITE_READ, 0xff8edac8) = 0 <0.000226>
19:32:58.567068 statfs64("/storage/emulated/0", 84, {f_type=0x65735546, f_bsize=4096, f_blocks=3265613, f_bfree=3001821, f_bavail=2997725, f_files=838832, f_ffree=831145, f_fsid={0, 0}, f_namelen=255, f_frsize=4096, f_flags=1070}) = 0 <0.000107>
19:32:58.567481 getuid32()              = 12751 <0.000081>
19:32:58.567667 getuid32()              = 12751 <0.000081>
19:32:58.567846 fstat64(34, {st_mode=0132000, st_size=1, ...}) = 0 <0.000085>
19:32:58.568042 ioctl(34, ASHMEM_GET_SIZE, 0) = 84 <0.000040>
19:32:58.568188 fstat64(34, {st_mode=0, st_size=1, ...}) = 0 <0.000082>
19:32:58.568349 ioctl(34, ASHMEM_PIN, 0xff8ee1f0) = 0 <0.000081>
19:32:58.568624 ioctl(8, BINDER_WRITE_READ, 0xff8ed788) = 0 <0.000097>
19:32:58.568826 ioctl(8, BINDER_WRITE_READ, 0xff8ed788) = 0 <0.000082>
19:32:58.569024 ioctl(8, BINDER_WRITE_READ, 0xff8ed7b8) = 0 <0.000138>
19:32:58.569274 ioctl(8, BINDER_WRITE_READ, 0xff8ed7b8) = 0 <0.000098>
19:32:58.569468 ioctl(8, BINDER_WRITE_READ, 0xff8ed7b8) = 0 <0.000167>
19:32:58.569749 getuid32()              = 12751 <0.000093>
19:32:58.569951 ioctl(8, BINDER_WRITE_READ, 0xff8ed778) = 0 <0.000096>
19:32:58.570145 ioctl(8, BINDER_WRITE_READ, 0xff8ed778) = 0 <0.000081>
19:32:58.570355 ioctl(8, BINDER_WRITE_READ, 0xff8ed7a8) = 0 <0.000136>
19:32:58.570603 ioctl(8, BINDER_WRITE_READ, 0xff8ed7a8) = 0 <0.000097>
19:32:58.570802 ioctl(8, BINDER_WRITE_READ, 0xff8ed7a8) = 0 <0.000091>
19:32:58.571022 ioctl(8, BINDER_WRITE_READ, 0xff8eda98) = 0 <0.000098>
19:32:58.571216 ioctl(8, BINDER_WRITE_READ, 0xff8eda98) = 0 <0.000219>
19:32:58.571549 ioctl(8, BINDER_WRITE_READ, 0xff8edac8) = 0 <0.000097>
19:32:58.571743 ioctl(8, BINDER_WRITE_READ, 0xff8edac8) = 0 <0.000082>
19:32:58.571937 ioctl(8, BINDER_WRITE_READ, 0xff8edac8) = 0 <0.000230>
19:32:58.572286 ioctl(8, BINDER_WRITE_READ, 0xff8edac8) = 0 <0.000094>
19:32:58.572504 statfs64("/storage/emulated/0", 84, {f_type=0x65735546, f_bsize=4096, f_blocks=3265613, f_bfree=3001821, f_bavail=2997725, f_files=838832, f_ffree=831145, f_fsid={0, 0}, f_namelen=255, f_frsize=4096, f_flags=1070}) = 0 <0.000106>
19:32:58.574149 futex(0xe8a5a5e0, FUTEX_WAKE, 1) = 1 <0.000105>
19:32:58.574355 futex(0xe8a5a5c0, FUTEX_WAKE, 1) = 1 <0.000101>
19:32:58.574621 getuid32()              = 12751 <0.000085>
19:32:58.574838 ioctl(8, BINDER_WRITE_READ, 0xff8ee098) = 0 <0.000380>
19:32:58.575867 futex(0xe8a5a5e0, FUTEX_WAKE, 1) = 1 <0.000162>
19:32:58.576142 futex(0xe8a5a5c0, FUTEX_WAKE, 1) = 1 <0.000132>
19:32:58.576718 getuid32()              = 12751 <0.000087>
19:32:58.576947 ioctl(8, BINDER_WRITE_READ, 0xff8ee6d8) = 0 <0.000496>
19:32:58.577594 ioctl(8, BINDER_WRITE_READ, 0xff8ee108) = 0 <0.000107>
19:32:58.577843 ioctl(8, BINDER_WRITE_READ, 0xff8ee108) = 0 <0.000121>
19:32:58.578097 ioctl(8, BINDER_WRITE_READ, 0xff8ee138) = 0 <0.000147>
19:32:58.578370 ioctl(8, BINDER_WRITE_READ, 0xff8ee138) = 0 <0.000220>
19:32:58.578709 ioctl(8, BINDER_WRITE_READ, 0xff8ee138) = 0 <0.000087>
19:32:58.578926 getuid32()              = 12751 <0.000088>
19:32:58.579170 ioctl(8, BINDER_WRITE_READ, 0xff8ee0f8) = 0 <0.000107>
19:32:58.579392 ioctl(8, BINDER_WRITE_READ, 0xff8ee0f8) = 0 <0.000090>
19:32:58.579608 ioctl(8, BINDER_WRITE_READ, 0xff8ee128) = 0 <0.000108>
19:32:58.579821 ioctl(8, BINDER_WRITE_READ, 0xff8ee128) = 0 <0.000114>
19:32:58.580081 ioctl(8, BINDER_WRITE_READ, 0xff8ee128) = 0 <0.000207>
19:32:58.580443 ioctl(8, BINDER_WRITE_READ, 0xff8ee128) = 0 <0.000103>
19:32:58.580713 ioctl(8, BINDER_WRITE_READ, 0xff8ee418) = 0 <0.000141>
19:32:58.580977 ioctl(8, BINDER_WRITE_READ, 0xff8ee418) = 0 <0.000091>
19:32:58.581242 ioctl(8, BINDER_WRITE_READ, 0xff8ee448) = 0 <0.000313>
19:32:58.581721 ioctl(8, BINDER_WRITE_READ, 0xff8ee448) = 0 <0.000354>
19:32:58.582211 ioctl(8, BINDER_WRITE_READ, 0xff8ee448) = 0 <0.000092>
19:32:58.582455 statfs64("/storage/emulated/0", 84, {f_type=0x65735546, f_bsize=4096, f_blocks=3265613, f_bfree=3001821, f_bavail=2997725, f_files=838832, f_ffree=831145, f_fsid={0, 0}, f_namelen=255, f_frsize=4096, f_flags=1070}) = 0 <0.000116>
19:32:58.582959 ioctl(8, BINDER_WRITE_READ, 0xff8ede18) = 0 <0.000116>
19:32:58.583188 ioctl(8, BINDER_WRITE_READ, 0xff8ede18) = 0 <0.000089>
19:32:58.583432 ioctl(8, BINDER_WRITE_READ, 0xff8ede48) = 0 <0.000151>
19:32:58.583703 ioctl(8, BINDER_WRITE_READ, 0xff8ede48) = 0 <0.000115>
19:32:58.583932 ioctl(8, BINDER_WRITE_READ, 0xff8ede48) = 0 <0.000225>
19:32:58.584287 getuid32()              = 12751 <0.000090>
19:32:58.584494 ioctl(8, BINDER_WRITE_READ, 0xff8ede08) = 0 <0.000115>
19:32:58.584723 ioctl(8, BINDER_WRITE_READ, 0xff8ede08) = 0 <0.000089>
19:32:58.584951 ioctl(8, BINDER_WRITE_READ, 0xff8ede38) = 0 <0.000168>
19:32:58.585294 ioctl(8, BINDER_WRITE_READ, 0xff8ede38) = 0 <0.000147>
19:32:58.585787 ioctl(8, BINDER_WRITE_READ, 0xff8ede38) = 0 <0.000246>
19:32:58.586315 ioctl(8, BINDER_WRITE_READ, 0xff8ee128) = 0 <0.000158>
19:32:58.586608 ioctl(8, BINDER_WRITE_READ, 0xff8ee128) = 0 <0.000096>
19:32:58.586839 ioctl(8, BINDER_WRITE_READ, 0xff8ee158) = 0 <0.000138>
19:32:58.587113 ioctl(8, BINDER_WRITE_READ, 0xff8ee158) = 0 <0.000105>
19:32:58.587372 ioctl(8, BINDER_WRITE_READ, 0xff8ee158) = 0 <0.000123>
19:32:58.587627 ioctl(8, BINDER_WRITE_READ, 0xff8ee158) = 0 <0.000308>
19:32:58.588166 statfs64("/storage/emulated/0", 84, {f_type=0x65735546, f_bsize=4096, f_blocks=3265613, f_bfree=3001821, f_bavail=2997725, f_files=838832, f_ffree=831145, f_fsid={0, 0}, f_namelen=255, f_frsize=4096, f_flags=1070}) = 0 <0.000250>
19:32:58.588732 futex(0xe8a5a5e0, FUTEX_WAKE, 1) = 1 <0.000165>
19:32:58.589016 futex(0xe8a5a5c0, FUTEX_WAKE, 1) = 1 <0.000110>
19:32:58.589267 getuid32()              = 12751 <0.000106>
19:32:58.589517 ioctl(8, BINDER_WRITE_READ, 0xff8ee728) = 0 <0.000242>
19:32:58.589985 ioctl(8, BINDER_WRITE_READ, 0xff8ee728) = 0 <0.000218>
19:32:58.590597 ioctl(8, BINDER_WRITE_READ, 0xff8eddc8) = 0 <0.000135>
19:32:58.590877 ioctl(8, BINDER_WRITE_READ, 0xff8eddc8) = 0 <0.000101>
19:32:58.591125 ioctl(8, BINDER_WRITE_READ, 0xff8eddf8) = 0 <0.000207>
19:32:58.591461 ioctl(8, BINDER_WRITE_READ, 0xff8eddf8) = 0 <0.000102>
19:32:58.591692 ioctl(8, BINDER_WRITE_READ, 0xff8eddf8) = 0 <0.000139>
19:32:58.591971 ioctl(8, BINDER_WRITE_READ, 0xff8eddf8) = 0 <0.000378>
19:32:58.592545 getuid32()              = 12751 <0.000135>
19:32:58.592916 ioctl(8, BINDER_WRITE_READ, 0xff8eddb8) = 0 <0.000455>
19:32:58.593563 ioctl(8, BINDER_WRITE_READ, 0xff8eddb8) = 0 <0.000131>
19:32:58.594076 ioctl(8, BINDER_WRITE_READ, 0xff8edde8) = 0 <0.000127>
19:32:58.594336 ioctl(8, BINDER_WRITE_READ, 0xff8edde8) = 0 <0.000104>
19:32:58.594679 ioctl(8, BINDER_WRITE_READ, 0xff8edde8) = 0 <0.000316>
19:32:58.595154 ioctl(8, BINDER_WRITE_READ, 0xff8edde8) = 0 <0.000115>
19:32:58.595446 ioctl(8, BINDER_WRITE_READ, 0xff8ee0d8) = 0 <0.000123>
19:32:58.595823 ioctl(8, BINDER_WRITE_READ, 0xff8ee0d8) = 0 <0.000143>
19:32:58.596119 ioctl(8, BINDER_WRITE_READ, 0xff8ee108) = 0 <0.000298>
19:32:58.596551 ioctl(8, BINDER_WRITE_READ, 0xff8ee108) = 0 <0.000102>
19:32:58.596913 ioctl(8, BINDER_WRITE_READ, 0xff8ee108) = 0 <0.000155>
19:32:58.597202 ioctl(8, BINDER_WRITE_READ, 0xff8ee108) = 0 <0.000281>
19:32:58.597654 statfs64("/storage/emulated/0", 84, {f_type=0x65735546, f_bsize=4096, f_blocks=3265613, f_bfree=3001821, f_bavail=2997725, f_files=838832, f_ffree=831145, f_fsid={0, 0}, f_namelen=255, f_frsize=4096, f_flags=1070}) = 0 <0.000300>
19:32:58.598252 ioctl(8, BINDER_WRITE_READ, 0xff8edaa8) = 0 <0.000124>
19:32:58.598498 ioctl(8, BINDER_WRITE_READ, 0xff8edaa8) = 0 <0.000100>
19:32:58.598735 ioctl(8, BINDER_WRITE_READ, 0xff8edad8) = 0 <0.000139>
19:32:58.599031 ioctl(8, BINDER_WRITE_READ, 0xff8edad8) = 0 <0.000125>
19:32:58.599296 ioctl(8, BINDER_WRITE_READ, 0xff8edad8) = 0 <0.000135>
19:32:58.599561 ioctl(8, BINDER_WRITE_READ, 0xff8edad8) = 0 <0.000102>
19:32:58.599801 getuid32()              = 12751 <0.000118>
19:32:58.600051 ioctl(8, BINDER_WRITE_READ, 0xff8eda98) = 0 <0.000106>
19:32:58.600292 ioctl(8, BINDER_WRITE_READ, 0xff8eda98) = 0 <0.000111>
19:32:58.600535 ioctl(8, BINDER_WRITE_READ, 0xff8edac8) = 0 <0.000114>
19:32:58.600764 ioctl(8, BINDER_WRITE_READ, 0xff8edac8) = 0 <0.000098>
19:32:58.600991 ioctl(8, BINDER_WRITE_READ, 0xff8edac8) = 0 <0.000112>
19:32:58.601227 ioctl(8, BINDER_WRITE_READ, 0xff8edac8) = 0 <0.000266>
19:32:58.601649 ioctl(8, BINDER_WRITE_READ, 0xff8eddb8) = 0 <0.000111>
19:32:58.601872 ioctl(8, BINDER_WRITE_READ, 0xff8eddb8) = 0 <0.000109>
19:32:58.602114 ioctl(8, BINDER_WRITE_READ, 0xff8edde8) = 0 <0.000114>
19:32:58.602340 ioctl(8, BINDER_WRITE_READ, 0xff8edde8) = 0 <0.000122>
19:32:58.602619 ioctl(8, BINDER_WRITE_READ, 0xff8edde8) = 0 <0.000127>
19:32:58.602875 ioctl(8, BINDER_WRITE_READ, 0xff8edde8) = 0 <0.000259>
19:32:58.603328 statfs64("/storage/emulated/0", 84, {f_type=0x65735546, f_bsize=4096, f_blocks=3265613, f_bfree=3001821, f_bavail=2997725, f_files=838832, f_ffree=831145, f_fsid={0, 0}, f_namelen=255, f_frsize=4096, f_flags=1070}) = 0 <0.000242>
19:32:58.603866 ioctl(8, BINDER_WRITE_READ, 0xff8ee768) = 0 <0.000116>
19:32:58.604091 ioctl(8, BINDER_WRITE_READ, 0xff8ee768) = 0 <0.000128>
19:32:58.604433 ioctl(8, BINDER_WRITE_READ, 0xff8eddc8) = 0 <0.000112>
19:32:58.604677 ioctl(8, BINDER_WRITE_READ, 0xff8eddc8) = 0 <0.000116>
19:32:58.604948 ioctl(8, BINDER_WRITE_READ, 0xff8eddf8) = 0 <0.000111>
19:32:58.605173 ioctl(8, BINDER_WRITE_READ, 0xff8eddf8) = 0 <0.000095>
19:32:58.605409 ioctl(8, BINDER_WRITE_READ, 0xff8eddf8) = 0 <0.000111>
19:32:58.605643 ioctl(8, BINDER_WRITE_READ, 0xff8eddf8) = 0 <0.000135>
19:32:58.605925 getuid32()              = 12751 <0.000097>
19:32:58.606148 ioctl(8, BINDER_WRITE_READ, 0xff8eddb8) = 0 <0.000114>
19:32:58.606395 ioctl(8, BINDER_WRITE_READ, 0xff8eddb8) = 0 <0.000104>
19:32:58.606634 ioctl(8, BINDER_WRITE_READ, 0xff8edde8) = 0 <0.000116>
19:32:58.606868 ioctl(8, BINDER_WRITE_READ, 0xff8edde8) = 0 <0.000099>
19:32:58.607092 ioctl(8, BINDER_WRITE_READ, 0xff8edde8) = 0 <0.000111>
19:32:58.607322 ioctl(8, BINDER_WRITE_READ, 0xff8edde8) = 0 <0.000136>
19:32:58.607607 ioctl(8, BINDER_WRITE_READ, 0xff8ee0d8) = 0 <0.000110>
19:32:58.607829 ioctl(8, BINDER_WRITE_READ, 0xff8ee0d8) = 0 <0.000099>
19:32:58.608080 ioctl(8, BINDER_WRITE_READ, 0xff8ee108) = 0 <0.000112>
19:32:58.608308 ioctl(8, BINDER_WRITE_READ, 0xff8ee108) = 0 <0.000098>
19:32:58.608530 ioctl(8, BINDER_WRITE_READ, 0xff8ee108) = 0 <0.000110>
19:32:58.608758 ioctl(8, BINDER_WRITE_READ, 0xff8ee108) = 0 <0.000102>
19:32:58.609008 statfs64("/storage/emulated/0", 84, {f_type=0x65735546, f_bsize=4096, f_blocks=3265613, f_bfree=3001821, f_bavail=2997725, f_files=838832, f_ffree=831145, f_fsid={0, 0}, f_namelen=255, f_frsize=4096, f_flags=1070}) = 0 <0.000191>
19:32:58.609446 ioctl(8, BINDER_WRITE_READ, 0xff8eddc8) = 0 <0.000110>
19:32:58.609667 ioctl(8, BINDER_WRITE_READ, 0xff8eddc8) = 0 <0.000095>
19:32:58.609904 ioctl(8, BINDER_WRITE_READ, 0xff8eddf8) = 0 <0.000113>
19:32:58.610130 ioctl(8, BINDER_WRITE_READ, 0xff8eddf8) = 0 <0.000095>
19:32:58.610358 ioctl(8, BINDER_WRITE_READ, 0xff8eddf8) = 0 <0.000109>
19:32:58.610596 ioctl(8, BINDER_WRITE_READ, 0xff8eddf8) = 0 <0.000100>
19:32:58.610841 getuid32()              = 12751 <0.000114>
19:32:58.611105 ioctl(8, BINDER_WRITE_READ, 0xff8eddb8) = 0 <0.000135>
19:32:58.611474 ioctl(8, BINDER_WRITE_READ, 0xff8eddb8) = 0 <0.000124>
19:32:58.611743 ioctl(8, BINDER_WRITE_READ, 0xff8edde8) = 0 <0.000183>
19:32:58.612089 ioctl(8, BINDER_WRITE_READ, 0xff8edde8) = 0 <0.000124>
19:32:58.612370 ioctl(8, BINDER_WRITE_READ, 0xff8edde8) = 0 <0.000263>
19:32:58.612796 ioctl(8, BINDER_WRITE_READ, 0xff8edde8) = 0 <0.000134>
19:32:58.613101 ioctl(8, BINDER_WRITE_READ, 0xff8ee0d8) = 0 <0.000150>
19:32:58.613400 ioctl(8, BINDER_WRITE_READ, 0xff8ee0d8) = 0 <0.000146>
19:32:58.613706 ioctl(8, BINDER_WRITE_READ, 0xff8ee108) = 0 <0.000177>
19:32:58.614016 ioctl(8, BINDER_WRITE_READ, 0xff8ee108) = 0 <0.000116>
19:32:58.614275 ioctl(8, BINDER_WRITE_READ, 0xff8ee108) = 0 <0.000200>
19:32:58.614642 ioctl(8, BINDER_WRITE_READ, 0xff8ee108) = 0 <0.000120>
19:32:58.614929 statfs64("/storage/emulated/0", 84, {f_type=0x65735546, f_bsize=4096, f_blocks=3265613, f_bfree=3001821, f_bavail=2997725, f_files=838832, f_ffree=831145, f_fsid={0, 0}, f_namelen=255, f_frsize=4096, f_flags=1070}) = 0 <0.000232>
19:32:58.615432 ioctl(8, BINDER_WRITE_READ, 0xff8edac8) = 0 <0.000140>
19:32:58.615704 ioctl(8, BINDER_WRITE_READ, 0xff8edac8) = 0 <0.000107>
19:32:58.615967 ioctl(8, BINDER_WRITE_READ, 0xff8edaf8) = 0 <0.000171>
19:32:58.616266 ioctl(8, BINDER_WRITE_READ, 0xff8edaf8) = 0 <0.000112>
19:32:58.616521 ioctl(8, BINDER_WRITE_READ, 0xff8edaf8) = 0 <0.000208>
19:32:58.616908 ioctl(8, BINDER_WRITE_READ, 0xff8edaf8) = 0 <0.000111>
19:32:58.617175 getuid32()              = 12751 <0.000110>
19:32:58.617431 ioctl(8, BINDER_WRITE_READ, 0xff8edab8) = 0 <0.000130>
19:32:58.617689 ioctl(8, BINDER_WRITE_READ, 0xff8edab8) = 0 <0.000110>
19:32:58.617963 ioctl(8, BINDER_WRITE_READ, 0xff8edae8) = 0 <0.000138>
19:32:58.618239 ioctl(8, BINDER_WRITE_READ, 0xff8edae8) = 0 <0.000113>
19:32:58.618492 ioctl(8, BINDER_WRITE_READ, 0xff8edae8) = 0 <0.000199>
19:32:58.618870 ioctl(8, BINDER_WRITE_READ, 0xff8edae8) = 0 <0.000120>
19:32:58.619156 ioctl(8, BINDER_WRITE_READ, 0xff8eddd8) = 0 <0.000139>
19:32:58.619430 ioctl(8, BINDER_WRITE_READ, 0xff8eddd8) = 0 <0.000108>
19:32:58.619693 ioctl(8, BINDER_WRITE_READ, 0xff8ede08) = 0 <0.000169>
19:32:58.620065 ioctl(8, BINDER_WRITE_READ, 0xff8ede08) = 0 <0.000124>
19:32:58.620333 ioctl(8, BINDER_WRITE_READ, 0xff8ede08) = 0 <0.000200>
19:32:58.620692 ioctl(8, BINDER_WRITE_READ, 0xff8ede08) = 0 <0.000116>
19:32:58.620978 statfs64("/storage/emulated/0", 84, {f_type=0x65735546, f_bsize=4096, f_blocks=3265613, f_bfree=3001821, f_bavail=2997725, f_files=838832, f_ffree=831145, f_fsid={0, 0}, f_namelen=255, f_frsize=4096, f_flags=1070}) = 0 <0.000232>
19:32:58.621599 getuid32()              = 12751 <0.000108>
19:32:58.621848 getuid32()              = 12751 <0.000118>
19:32:58.622100 fstat64(34, {st_mode=0160534, st_size=1, ...}) = 0 <0.000113>
19:32:58.622351 ioctl(34, ASHMEM_GET_SIZE, 0) = 84 <0.000109>
19:32:58.622604 fstat64(34, {st_mode=0, st_size=1, ...}) = 0 <0.000113>
19:32:58.622853 ioctl(34, ASHMEM_PIN, 0xff8ee200) = 0 <0.000112>
19:32:58.623112 ioctl(8, BINDER_WRITE_READ, 0xff8ee078) = 0 <0.000158>
19:32:58.623411 ioctl(8, BINDER_WRITE_READ, 0xff8ee078) = 0 <0.000107>
19:32:58.623696 ioctl(8, BINDER_WRITE_READ, 0xff8edac8) = 0 <0.000135>
19:32:58.623968 ioctl(8, BINDER_WRITE_READ, 0xff8edac8) = 0 <0.000122>
19:32:58.624225 ioctl(8, BINDER_WRITE_READ, 0xff8edaf8) = 0 <0.000109>
19:32:58.624496 ioctl(8, BINDER_WRITE_READ, 0xff8edaf8) = 0 <0.000088>
19:32:58.624706 ioctl(8, BINDER_WRITE_READ, 0xff8edaf8) = 0 <0.000182>
19:32:58.625017 ioctl(8, BINDER_WRITE_READ, 0xff8edaf8) = 0 <0.000097>
19:32:58.625240 getuid32()              = 12751 <0.000087>
19:32:58.625459 ioctl(8, BINDER_WRITE_READ, 0xff8edab8) = 0 <0.000116>
19:32:58.625688 ioctl(8, BINDER_WRITE_READ, 0xff8edab8) = 0 <0.000091>
19:32:58.625913 ioctl(8, BINDER_WRITE_READ, 0xff8edae8) = 0 <0.000128>
19:32:58.626140 ioctl(8, BINDER_WRITE_READ, 0xff8edae8) = 0 <0.000141>
19:32:58.626416 ioctl(8, BINDER_WRITE_READ, 0xff8edae8) = 0 <0.000184>
19:32:58.626747 ioctl(8, BINDER_WRITE_READ, 0xff8edae8) = 0 <0.000114>
19:32:58.627015 ioctl(8, BINDER_WRITE_READ, 0xff8eddd8) = 0 <0.000130>
19:32:58.627265 ioctl(8, BINDER_WRITE_READ, 0xff8eddd8) = 0 <0.000111>
19:32:58.627511 ioctl(8, BINDER_WRITE_READ, 0xff8ede08) = 0 <0.000137>
19:32:58.627763 ioctl(8, BINDER_WRITE_READ, 0xff8ede08) = 0 <0.000111>
19:32:58.628048 ioctl(8, BINDER_WRITE_READ, 0xff8ede08) = 0 <0.000195>
19:32:58.628397 ioctl(8, BINDER_WRITE_READ, 0xff8ede08) = 0 <0.000112>
19:32:58.628693 statfs64("/storage/emulated/0", 84, {f_type=0x65735546, f_bsize=4096, f_blocks=3265613, f_bfree=3001821, f_bavail=2997725, f_files=838832, f_ffree=831145, f_fsid={0, 0}, f_namelen=255, f_frsize=4096, f_flags=1070}) = 0 <0.000227>
19:32:58.629178 faccessat(AT_FDCWD, "/data/user/0/com.pianke.client/shared_prefs", F_OK) = 0 <0.000113>
19:32:58.629457 openat(AT_FDCWD, "/dev/ashmem", O_RDWR|O_LARGEFILE) = 38 <0.000113>
19:32:58.629694 fstat64(38, {st_mode=040, st_size=1, ...}) = 0 <0.000097>
19:32:58.629916 ioctl(38, ASHMEM_SET_NAME, 0xff8eea10) = 0 <0.000107>
19:32:58.630150 ioctl(38, _IOC(_IOC_WRITE, 0x77, 0x03, 0x04), 0x2000) = 0 <0.000095>
19:32:58.630396 mmap2(NULL, 8192, PROT_READ|PROT_WRITE, MAP_PRIVATE, 38, 0) = 0xe21c5000 <0.000127>
19:32:58.630673 close(38)               = 0 <0.000121>
19:32:58.630931 mmap2(NULL, 1069056, PROT_READ|PROT_WRITE, MAP_PRIVATE|MAP_ANONYMOUS|MAP_NORESERVE, -1, 0) = 0xce705000 <0.000098>
19:32:58.631144 madvise(0xce705000, 1069056, MADV_MERGEABLE) = 0 <0.000099>
19:32:58.631455 mprotect(0xce705000, 4096, PROT_NONE) = 0 <0.000094>
19:32:58.631766 prctl(0x53564d41 /* PR_??? */, 0, 0xce705000, 4096, "thread stack guard page") = 0 <0.000136>
19:32:58.632086 clone(child_stack=0xce809910, flags=CLONE_VM|CLONE_FS|CLONE_FILES|CLONE_SIGHAND|CLONE_THREAD|CLONE_SYSVSEM|CLONE_SETTLS|CLONE_PARENT_SETTID|CLONE_CHILD_CLEARTID, parent_tidptr=0xce809928, tls={entry_number:12, base_addr:0xce809970, limit:4096, seg_32bit:1, contents:0, read_exec_only:0, limit_in_pages:1, seg_not_present:0, useable:1}, tls=0xff8eed60, child_tidptr=0xce809928) = 14080 <0.000429>
19:32:58.632703 futex(0xce809960, FUTEX_WAKE_PRIVATE, 1) = 1 <0.000097>
19:32:58.632878 futex(0xe89c0180, FUTEX_WAKE, 1) = 0 <0.000053>
19:32:58.632982 futex(0xe89b0138, FUTEX_WAIT, 539, NULL) = 0 <0.000174>
19:32:58.633286 ioctl(8, BINDER_WRITE_READ, 0xff8ee808) = 0 <0.000040>
19:32:58.633363 ioctl(8, BINDER_WRITE_READ, 0xff8ee808) = 0 <0.000227>
19:32:58.633732 getuid32()              = 12751 <0.000019>
19:32:58.633805 ioctl(8, BINDER_WRITE_READ, 0xff8eed38) = 0 <0.000031>
19:32:58.633869 ioctl(8, BINDER_WRITE_READ, 0xff8eed38) = 0 <0.000347>
19:32:58.634294 getuid32()              = 12751 <0.000019>
19:32:58.634366 ioctl(8, BINDER_WRITE_READ, 0xff8eed38) = 0 <0.000051>
19:32:58.634453 ioctl(8, BINDER_WRITE_READ, 0xff8eed38) = 0 <0.000193>
19:32:58.634720 ioctl(8, BINDER_WRITE_READ, 0xff8ef038) = 0 <0.000034>
19:32:58.634787 ioctl(8, BINDER_WRITE_READ, 0xff8ef038) = 0 <0.000188>
19:32:58.635345 openat(AT_FDCWD, "/dev/ashmem", O_RDWR|O_LARGEFILE) = 38 <0.000055>
19:32:58.635447 fstat64(38, {st_mode=0132000, st_size=1, ...}) = 0 <0.000018>
19:32:58.635503 ioctl(38, ASHMEM_SET_NAME, 0xff8eeb60) = 0 <0.000019>
19:32:58.635579 ioctl(38, _IOC(_IOC_WRITE, 0x77, 0x03, 0x04), 0x2000) = 0 <0.000117>
19:32:58.635827 mmap2(NULL, 8192, PROT_READ|PROT_WRITE, MAP_PRIVATE, 38, 0) = 0xe21c5000 <0.000108>
19:32:58.636125 close(38)               = 0 <0.000096>
19:32:58.636335 mmap2(NULL, 1069056, PROT_READ|PROT_WRITE, MAP_PRIVATE|MAP_ANONYMOUS|MAP_NORESERVE, -1, 0) = 0xce705000 <0.000105>
19:32:58.636550 madvise(0xce705000, 1069056, MADV_MERGEABLE) = 0 <0.000090>
19:32:58.636743 mprotect(0xce705000, 4096, PROT_NONE) = 0 <0.000090>
19:32:58.636917 prctl(0x53564d41 /* PR_??? */, 0, 0xce705000, 4096, "thread stack guard page") = 0 <0.000089>
19:32:58.637122 clone(child_stack=0xce809910, flags=CLONE_VM|CLONE_FS|CLONE_FILES|CLONE_SIGHAND|CLONE_THREAD|CLONE_SYSVSEM|CLONE_SETTLS|CLONE_PARENT_SETTID|CLONE_CHILD_CLEARTID, parent_tidptr=0xce809928, tls={entry_number:12, base_addr:0xce809970, limit:4096, seg_32bit:1, contents:0, read_exec_only:0, limit_in_pages:1, seg_not_present:0, useable:1}, tls=0xff8eeeb0, child_tidptr=0xce809928) = 14081 <0.000122>
19:32:58.637402 futex(0xce809960, FUTEX_WAKE_PRIVATE, 1) = 1 <0.000104>
19:32:58.637943 ioctl(8, BINDER_WRITE_READ, 0xff8ed998) = 0 <0.000112>
19:32:58.638168 ioctl(8, BINDER_WRITE_READ, 0xff8ed998) = 0 <0.000090>
19:32:58.638504 getuid32()              = 12751 <0.000089>
19:32:58.638704 getuid32()              = 12751 <0.000088>
19:32:58.638898 fstat64(34, {st_mode=0165450, st_size=1, ...}) = 0 <0.000088>
19:32:58.639094 ioctl(34, ASHMEM_GET_SIZE, 0) = 84 <0.000088>
